0
1
0
2
3
0
4
5
7
0
8
10
11
15
0
16
18
21
23
31
0
32
36
42
45
47
63
0
64
68
74
85
91
95
127
0
128
136
146
170
173
187
191
255
0
256
264
292
298
341
365
375
383
511
0
512
528
548
594
682
693
731
759
767
1023
0
1024
1040
1092
1170
1194
1365
1389
1467
1519
1535
2047
0
2048
2080
2184
2340
2378
2730
2741
2925
3003
3055
3071
4095
0
4096
4128
4232
4388
4690
4778
5461
5549
5851
6007
6111
6143
8191
0
8192
8256
8456
8772
9362
9546
10922
10965
11117
11739
12023
12255
12287
16383
0
16384
16448
16912
17476
18724
19026
19114
21845
22197
23405
23483
24311
24511
24575
32767
0
32768
32896
33296
34952
35108
37522
38186
43690
43733
44461
46811
48059
48623
49087
49151
65535
0
65536
65664
66576
67720
70180
74898
76106
76458
87381
87733
88941
93659
96119
97263
98175
98303
131071
0
131072
131328
133152
135432
139844
149796
150098
152874
174762
174933
177581
187245
187835
192375
195567
196479
196607
262143
0
262144
262400
264224
270600
279620
280868
299666
304458
305834
349525
350901
355693
374491
375739
384759
391135
392959
393215
524287
0
524288
524800
528416
541200
559240
561700
599186
608850
611498
699050
699221
710325
711533
749275
768955
777975
782303
786175
786431
1048575
0
1048576
1049088
1056832
1065488
1083528
1122884
1198372
1200722
1221962
1223338
1398101
1403605
1420717
1497965
1502683
1537911
1555951
1568735
1572351
1572863
2097151
0
2097152
2098176
2105408
2130960
2166920
2237508
2246948
2397330
2435402
2446506
2796202
2796885
2807477
2846061
2995931
3005883
3075959
3112431
3137471
3145215
3145727
4194303
0
4194304
4195328
4210752
4260880
4329736
4473924
4493604
4793490
4803154
4887850
4893354
5592405
5597909
5682605
5692269
5992155
6011835
6156023
6224879
6275007
6290431
6291455
8388607
0
8388608
8390656
8421504
8521760
8659208
8947848
8983076
9586980
9605778
9742666
9786026
11184810
11185493
11229877
11382189
11983725
11988443
12303291
12312311
12516335
12566463
12581887
12582911
16777215
0
16777216
16779264
16810112
16910368
17318416
17336456
17900100
17975588
19174546
19483218
19551530
19573418
22369621
22391509
22730421
22768493
23967451
24042939
24606583
24895223
25032671
25132927
25163775
25165823
33554431
0
33554432
33558528
33620096
33820704
34095632
34672776
35791940
35950884
38347922
38425170
38970698
39146154
44739242
44741973
44915381
45462957
45538157
47937243
48094139
49215351
49790447
50067423
50265983
50329599
50331647
67108863
0
67108864
67112960
67240192
67637280
68190736
69341448
71582788
71864868
76695844
76714642
77932874
78271786
78293674
89478485
89566037
89839285
91057517
95869805
95907291
96189371
98496375
99581423
100134879
100597631
100659199
100663295
134217727
0
134217728
134225920
134349056
135274560
136348688
138551560
143165576
143729220
143804708
153396370
153700946
156411210
156584618
178956970
178959701
179661525
181843373
182152045
191739611
192343515
196852667
196996855
199195631
200798175
201195263
201322495
201326591
268435455
0
268435456
268443648
268697856
269492288
272696336
277094664
277383304
286401092
287607076
306783378
307384914
311732554
313087146
313174698
357913941
358001493
359356085
363703725
364305261
383481563
384687547
393705335
393993975
398392303
401596351
402390783
402644991
402653183
536870911
0
536870912
536887296
537395712
538984512
545392672
554189328
554764424
572671044
575181348
613566756
613716626
623462994
625644842
626346666
715827882
715838805
716532437
727373493
728460653
766958445
767258331
769514427
787412855
796647159
801045487
803200959
805043967
805298175
805306367
1073741823
0
1073741824
1073758208
1074266624
1077952576
1082263584
1091060240
1109463176
1145324612
1149833764
1150437668
1227138194
1229605458
1247061322
1252349098
1252698794
1431655765
1432005461
1437293237
1454749101
1457216365
1533916891
1534520795
1539029947
1574891383
1593294319
1602090975
1606401983
1610087935
1610596351
1610612735
2147483647
0
-2147483648
-2147450880
-2146434560
-2139062144
-2130442208
-2112847344
-2078142200
-2004318072
-2003754428
-1994094300
-1840700270
-1835887982
-1801115318
-1792371414
-1789580630
-1431655766
-1431644843
-1428837675
-1420110155
-1381126739
-1380525203
-1227114789
-1217471045
-1145324613
-1143083273
-1108361745
-1090783265
-1077952577
-1074790913
-1073758209
-1073741825
-1