0
1
0
0.6666666666666666
1
0
0.5714285714285714
0.7142857142857143
1
0
0.5333333333333333
0.6666666666666666
0.7333333333333333
1
0
0.5161290322580645
0.5806451612903226
0.6774193548387096
0.7419354838709677
1
0
0.5079365079365079
0.5714285714285714
0.6666666666666666
0.7142857142857143
0.746031746031746
1
0
0.5039370078740157
0.5354330708661418
0.5826771653543307
0.6692913385826772
0.7165354330708661
0.7480314960629921
1
0
0.5019607843137255
0.5333333333333333
0.5725490196078431
0.6666666666666666
0.6784313725490196
0.7333333333333333
0.7490196078431373
1
0
0.5009784735812133
0.5166340508806262
0.5714285714285714
0.5831702544031311
0.6673189823874756
0.7142857142857143
0.7338551859099804
0.7495107632093934
1
0
0.5004887585532747
0.5161290322580645
0.5356793743890518
0.5806451612903226
0.6666666666666666
0.6774193548387096
0.7145650048875856
0.7419354838709677
0.7497556207233627
1
0
0.5002442598925256
0.5080605764533463
0.5334636052760137
0.5715681485100147
0.5832926233512458
0.666829506595017
0.6785539814362481
0.7166585246702492
0.7420615534929165
0.7498778700537372
1
0
0.5001221001221001
0.5079365079365079
0.5333333333333333
0.5714285714285714
0.5807081807081808
0.6666666666666666
0.6693528693528693
0.7142857142857143
0.7333333333333333
0.746031746031746
0.7499389499389499
1
0
0.5000610426077402
0.5039677695031132
0.5166646319130753
0.5357099255280185
0.572579660603101
0.5833231595653766
0.6667073617384934
0.6774508607007691
0.7143205957758515
0.7333658893907947
0.7460627518007569
0.7499694786961298
1
0
0.5000305194408838
0.5039370078740157
0.5161447842275529
0.5354330708661418
0.5714460111090764
0.5826771653543307
0.6666666666666666
0.6692913385826772
0.6785692486113655
0.7165354330708661
0.733870475492889
0.7480314960629921
0.7499847402795581
1
0
0.500015259254738
0.5019684438612019
0.5161290322580645
0.533341471602527
0.5714285714285714
0.5806451612903226
0.5833307901242103
0.6666768395031587
0.6774193548387096
0.7142857142857143
0.716666158024842
0.7419354838709677
0.7480391857661671
0.749992370372631
1
0
0.5000076295109483
0.5019607843137255
0.508064393072404
0.5333333333333333
0.535713740749218
0.5725490196078431
0.5826810101472496
0.6666666666666666
0.6673228046082246
0.6784313725490196
0.7142900740062562
0.7333333333333333
0.7419394216830701
0.7490196078431373
0.7499961852445258
1
0
0.5000038147263697
0.5009803846770071
0.5079384455752989
0.516666539509121
0.5354349932479343
0.5714307512722112
0.5806471301813521
0.583332697545605
0.6666692098175798
0.6693547771818328
0.6785711560909736
0.7145669141152505
0.7333353678540638
0.742063461787886
0.7490215226861777
0.7499980926368152
1
0
0.5000019073559088
0.5009784735812133
0.5079365079365079
0.5166340508806262
0.5334645594198586
0.5714285714285714
0.5725806143974853
0.5831702544031311
0.6666666666666666
0.6673189823874756
0.6774203392804691
0.7142857142857143
0.7165363942580958
0.7338551859099804
0.746031746031746
0.7495107632093934
0.7499990463220456
1
0
0.5000009536761354
0.5004892358574597
0.5039682463993957
0.5161295244780054
0.5333338419606055
0.5357142175945617
0.5715686255810272
0.5807086576626924
0.5833331743873108
0.6666673024507569
0.6692918191753753
0.6784318512570405
0.714286259243506
0.7166666348774622
0.7338709523600623
0.746032230438672
0.749511240980608
0.7499995231619323
1
0
0.500000476837613
0.5004887585532747
0.5039372481701356
0.5161290322580645
0.5333333333333333
0.5356793743890518
0.5714288439072074
0.5806451612903226
0.5831704932885106
0.6666666666666666
0.6668297451302959
0.6774193548387096
0.6785713945115991
0.7145650048875856
0.7333333333333333
0.7419354838709677
0.7460629902486708
0.7497556207233627
0.7499997615811935
1
0
0.5000002384186928
0.5002443791601082
0.5039370078740157
0.5080645122835695
0.5166666587193769
0.5354330708661418
0.5714285714285714
0.5725491392846772
0.5826771653543307
0.5833332935968846
0.6666668256124618
0.6692913385826772
0.6774509799246692
0.7142857142857143
0.7165354330708661
0.7333334604899695
0.7419356069257769
0.7480314960629921
0.7497557400492382
0.7499998807906536
1
0
0.500000119209318
0.5002442598925256
0.5019685034676798
0.5080605764533463
0.5166341106019284
0.5334636052760137
0.5357142771993344
0.5715681485100147
0.5806452228177125
0.5832926233512458
0.6666666666666666
0.666829506595017
0.6693548367869465
0.6785539814362481
0.7142857824053246
0.7166585246702492
0.7333659490027306
0.7420615534929165
0.7480315561369791
0.7498778700537372
0.749999940395341
1
0
0.5000000596046519
0.5001221299317038
0.5019608142329233
0.5079365382118867
0.516144814031698
0.533333365122481
0.5356794042205101
0.5714286054883725
0.5725806441999249
0.5826771953913207
0.5833333233992247
0.6666667064031012
0.6673228344110053
0.677419385602401
0.6785714243139535
0.7143206255818159
0.716666664679845
0.733855215770628
0.7420634915904393
0.7480392155694027
0.7498778998706221
0.7499999701976741
1
0
0.5000000298023242
0.5001221001221001
0.5019607843137255
0.5079365079365079
0.5161290476399093
0.5333333333333333
0.5354330858846358
0.5714285714285714
0.5725490196078431
0.5807081807081808
0.5832926382596874
0.6666666666666666
0.6667073766414747
0.6693528693528693
0.6784313725490196
0.7142857142857143
0.7145669290165263
0.7333333333333333
0.7338709672612528
0.746031746031746
0.7490196078431373
0.7499389499389499
0.7499999850988379
1
0
0.5000000149011616
0.5000610500592306
0.5009803921276448
0.5039682538499908
0.5161290322580645
0.5166666661699613
0.5334645668704678
0.535714284649917
0.5714460185601121
0.5806451612903226
0.5826810175979441
0.5833333308498064
0.6666666766007744
0.6673189898526367
0.6774193548387096
0.6785539888904687
0.7142857228006638
0.716535440580113
0.7333333412806196
0.7419354838709677
0.74603175360059
0.749019615322936
0.7499389573913502
0.7499999925494192
1
0
0.5000000074505807
0.5000610426077402
0.5009784773137939
0.5039677695031132
0.5080645160088616
0.5166646319130753
0.533341475327931
0.5357099255280185
0.5714285756860461
0.572579660603101
0.5807086613879898
0.5833231595653766
0.6666666666666666
0.6667073617384934
0.6692913423373005
0.6774508607007691
0.6785714280392442
0.7143205957758515
0.7166585283973593
0.7333658893907947
0.7419354877164287
0.7460627518007569
0.7490215264114964
0.7499694786961298
0.7499999962747096
1
0
0.5000000037252903
0.5000305213036427
0.5009784735812133
0.5039370097513274
0.5080605783169014
0.5166340508806262
0.5333333353201548
0.5354349951105937
0.5714285714285714
0.5715686274436759
0.580645163213053
0.5831702544031311
0.5833333327124516
0.6666666691501936
0.6673189823874756
0.6693548386495921
0.6784313744189693
0.7142857142857143
0.7145650067520515
0.7166666665424903
0.7338551859099804
0.7419394235457437
0.7460629921113178
0.7495107632093934
0.7499694805590025
0.7499999981373549
1
0
0.5000000018626451
0.5000305194408838
0.5004892367887841
0.5039370078740157
0.5079384465066286
0.5161447842275529
0.5333333333333333
0.5354330708661418
0.5357142855812397
0.5714460111090764
0.5725806451312476
0.5826771653543307
0.5833231604968129
0.6666666666666666
0.6666768404345097
0.6692913385826772
0.677419355800075
0.6785692486113655
0.7142857153500829
0.7165354330708661
0.7333333333333333
0.733870475492889
0.742061554424694
0.7480314960629921
0.7495107641425385
0.7499847402795581
0.7499999990686774
1
0
0.5000000009313226
0.5000152597204135
0.5004887590193912
0.5019685039333412
0.5079365084095607
0.5161290327387471
0.5166666666356226
0.5334636057419024
0.5357099259937367
0.5714285719607558
0.5725490200753306
0.5806471306470169
0.5831702548697036
0.5833333331781129
0.6666666672875484
0.6668297455959576
0.6693528698186444
0.6774509803903307
0.6785714285049055
0.7142900744719246
0.7165363947237589
0.7333333338300387
0.7338709677269142
0.7420634920561006
0.74803149653232
0.7495112414462701
0.7499847407452478
0.7499999995343387
1
0
0.5000000004656613
0.500015259254738
0.5004887585532747
0.5019684438612019
0.5079365079365079
0.5161290322580645
0.5166646321459344
0.533341471602527
0.5356793743890518
0.5714285714285714
0.571568148742959
0.5806451612903226
0.5826771655889946
0.5833307901242103
0.6666666666666666
0.6666768395031587
0.667322834643836
0.6774193548387096
0.6784318514898716
0.7142857142857143
0.7145650048875856
0.716666158024842
0.7333353680868963
0.7419354838709677
0.746031746031746
0.7480391857661671
0.7497556207233627
0.749992370372631
0.7499999997671694
1
0
0.5000000002328306
0.5000076296273654
0.5002443792765235
0.5019607844305973
0.5039682539664061
0.5080645161252769
0.5166340509972693
0.5333333334575097
0.5354330709834737
0.535714285697655
0.5714307513886274
0.5725796607195305
0.5807081808246245
0.583170493404926
0.5833333332945282
0.6666666668218871
0.6668295067114893
0.6692918192917908
0.6774203393968848
0.6785692487277879
0.7142857144187603
0.7145669291329416
0.7166666666589057
0.733365949119146
0.7419354839911384
0.7460317461500092
0.748039215685818
0.7497556208398918
0.7499923704890499
0.7499999998835847
1